%%MatrixMarket matrix coordinate  real general
10 10 100
1 1 3.3114882258605263132267282344400882720947265625000000000000000000e+01
2 1 7.7290547841511232363131966849323362112045288085937500000000000000e+00
3 1 3.1160830776176560164003603858873248100280761718750000000000000000e+00
4 1 -2.1303687608266410613566677056951448321342468261718750000000000000e+00
5 1 -1.2619757085631830850758205997408367693424224853515625000000000000e+00
6 1 1.5062686094295227867689845879795029759407043457031250000000000000e+00
7 1 8.6762675221660745528140523674665018916130065917968750000000000000e-01
8 1 4.4957034021708288662466657115146517753601074218750000000000000000e+00
9 1 -2.2707645151857001053485873853787779808044433593750000000000000000e+00
10 1 -3.6016844215320524824619496939703822135925292968750000000000000000e+00
1 2 7.7290547841511232363131966849323362112045288085937500000000000000e+00
2 2 3.8171988732911536601477564545348286628723144531250000000000000000e+01
3 2 2.3938078876566226682598426123149693012237548828125000000000000000e+00
4 2 1.1011461829020363634157320120721124112606048583984375000000000000e+00
5 2 1.9403141271723223226786103623453527688980102539062500000000000000e+00
6 2 2.4878891796011552983713954745326191186904907226562500000000000000e+00
7 2 -9.1198044289075674839750718092545866966247558593750000000000000000e-01
8 2 3.8042260285480522519208079756936058402061462402343750000000000000e-02
9 2 -1.9345882554655742247007310652406886219978332519531250000000000000e+00
10 2 -1.4471555281483245991580588452052325010299682617187500000000000000e+00
1 3 3.1160830776176560164003603858873248100280761718750000000000000000e+00
2 3 2.3938078876566226682598426123149693012237548828125000000000000000e+00
3 3 3.0600405569145287643095798557624220848083496093750000000000000000e+01
4 3 1.3239093245701127887770098823239095509052276611328125000000000000e+00
5 3 1.6475760566520696315251370833721011877059936523437500000000000000e+00
6 3 -7.6475921014670635855736691155470907688140869140625000000000000000e+00
7 3 -7.1284031825085214517656595489825122058391571044921875000000000000e-01
8 3 -1.7220822152216758160747644978982862085103988647460937500000000000e-01
9 3 -4.8708147155453183074769185623154044151306152343750000000000000000e+00
10 3 -1.3901092247693618286774608350242488086223602294921875000000000000e+00
1 4 -2.1303687608266410613566677056951448321342468261718750000000000000e+00
2 4 1.1011461829020363634157320120721124112606048583984375000000000000e+00
3 4 1.3239093245701127887770098823239095509052276611328125000000000000e+00
4 4 3.0565694530452301336254095076583325862884521484375000000000000000e+01
5 4 7.7956578563655587466030283394502475857734680175781250000000000000e-01
6 4 -2.4782891148528607416778868355322629213333129882812500000000000000e+00
7 4 1.0000497884469458753642356896307319402694702148437500000000000000e+01
8 4 -2.7825077401792857045847995323128998279571533203125000000000000000e+00
9 4 3.5193544402845482466091198148205876350402832031250000000000000000e+00
10 4 -2.8550945545012549331431728205643594264984130859375000000000000000e+00
1 5 -1.2619757085631830850758205997408367693424224853515625000000000000e+00
2 5 1.9403141271723223226786103623453527688980102539062500000000000000e+00
3 5 1.6475760566520696315251370833721011877059936523437500000000000000e+00
4 5 7.7956578563655587466030283394502475857734680175781250000000000000e-01
5 5 2.7414630775350222080533058033324778079986572265625000000000000000e+01
6 5 -7.2456931291594139921130590664688497781753540039062500000000000000e+00
7 5 -1.8367506386900867010325555384042672812938690185546875000000000000e+00
8 5 1.9668247126559144088986386122996918857097625732421875000000000000e+00
9 5 -4.2856945341124959014678097446449100971221923828125000000000000000e+00
10 5 -1.3777214888631770239868501448654569685459136962890625000000000000e+00
1 6 1.5062686094295227867689845879795029759407043457031250000000000000e+00
2 6 2.4878891796011552983713954745326191186904907226562500000000000000e+00
3 6 -7.6475921014670635855736691155470907688140869140625000000000000000e+00
4 6 -2.4782891148528607416778868355322629213333129882812500000000000000e+00
5 6 -7.2456931291594139921130590664688497781753540039062500000000000000e+00
6 6 3.0960452258271757841612270567566156387329101562500000000000000000e+01
7 6 7.4803925522464476127737498245551250874996185302734375000000000000e-01
8 6 2.3847410093878460557448306644801050424575805664062500000000000000e+00
9 6 2.9738734944974041241039230953902006149291992187500000000000000000e+00
10 6 4.7333638963811779376555932685732841491699218750000000000000000000e+00
1 7 8.6762675221660745528140523674665018916130065917968750000000000000e-01
2 7 -9.1198044289075674839750718092545866966247558593750000000000000000e-01
3 7 -7.1284031825085214517656595489825122058391571044921875000000000000e-01
4 7 1.0000497884469458753642356896307319402694702148437500000000000000e+01
5 7 -1.8367506386900867010325555384042672812938690185546875000000000000e+00
6 7 7.4803925522464476127737498245551250874996185302734375000000000000e-01
7 7 3.3372066027520801867467525880783796310424804687500000000000000000e+01
8 7 -8.1419544932084986221809685957850888371467590332031250000000000000e-01
9 7 3.1655236591491364706030253728386014699935913085937500000000000000e-01
10 7 1.2940604345071791136945194011786952614784240722656250000000000000e+00
1 8 4.4957034021708288662466657115146517753601074218750000000000000000e+00
2 8 3.8042260285480522519208079756936058402061462402343750000000000000e-02
3 8 -1.7220822152216758160747644978982862085103988647460937500000000000e-01
4 8 -2.7825077401792857045847995323128998279571533203125000000000000000e+00
5 8 1.9668247126559144088986386122996918857097625732421875000000000000e+00
6 8 2.3847410093878460557448306644801050424575805664062500000000000000e+00
7 8 -8.1419544932084986221809685957850888371467590332031250000000000000e-01
8 8 3.3893850322082023751590895699337124824523925781250000000000000000e+01
9 8 -1.2267323453850129677533686844981275498867034912109375000000000000e+00
10 8 2.5608555563780996955358659761259332299232482910156250000000000000e+00
1 9 -2.2707645151857001053485873853787779808044433593750000000000000000e+00
2 9 -1.9345882554655742247007310652406886219978332519531250000000000000e+00
3 9 -4.8708147155453183074769185623154044151306152343750000000000000000e+00
4 9 3.5193544402845482466091198148205876350402832031250000000000000000e+00
5 9 -4.2856945341124959014678097446449100971221923828125000000000000000e+00
6 9 2.9738734944974041241039230953902006149291992187500000000000000000e+00
7 9 3.1655236591491364706030253728386014699935913085937500000000000000e-01
8 9 -1.2267323453850129677533686844981275498867034912109375000000000000e+00
9 9 3.3170094328229495772575319278985261917114257812500000000000000000e+01
10 9 2.2300266357732245747769184163189493119716644287109375000000000000e-01
1 10 -3.6016844215320524824619496939703822135925292968750000000000000000e+00
2 10 -1.4471555281483245991580588452052325010299682617187500000000000000e+00
3 10 -1.3901092247693618286774608350242488086223602294921875000000000000e+00
4 10 -2.8550945545012549331431728205643594264984130859375000000000000000e+00
5 10 -1.3777214888631770239868501448654569685459136962890625000000000000e+00
6 10 4.7333638963811779376555932685732841491699218750000000000000000000e+00
7 10 1.2940604345071791136945194011786952614784240722656250000000000000e+00
8 10 2.5608555563780996955358659761259332299232482910156250000000000000e+00
9 10 2.2300266357732245747769184163189493119716644287109375000000000000e-01
10 10 3.1244373481433179051691695349290966987609863281250000000000000000e+01
